8.000 69.000 38.000 -8.000 10.500 13.000 2.300 2.565 265.000 2.865 3.305 440.000
8.000 69.000 38.500 -8.000 12.500 12.000 2.300 2.510 210.000 2.935 3.305 370.000
8.000 69.000 38.500 -7.500 13.000 12.000 2.300 2.505 205.000 2.940 3.300 360.000
9.000 69.000 37.000 -8.000 10.500 13.000 2.300 2.530 230.000 2.890 3.300 410.000
9.000 69.000 37.000 -8.000 11.000 13.000 2.300 2.530 230.000 2.890 3.300 410.000
9.000 69.000 37.000 -7.500 12.000 13.000 2.300 2.530 230.000 2.900 3.300 400.000
9.000 69.000 37.000 -7.000 12.500 13.000 2.300 2.530 230.000 2.885 3.300 415.000
9.000 69.000 37.000 -6.000 12.500 13.000 2.300 2.570 270.000 2.825 3.305 480.000
9.000 69.000 37.500 -7.500 12.500 12.000 2.300 2.505 205.000 2.860 3.305 445.000
9.000 69.000 37.500 -7.500 13.000 12.000 2.300 2.495 195.000 2.875 3.305 430.000
9.000 69.000 37.500 -7.000 12.500 12.000 2.300 2.530 230.000 2.855 3.310 455.000
9.000 69.000 37.500 -7.000 13.000 12.000 2.300 2.510 210.000 2.870 3.315 445.000
9.000 69.000 38.000 -7.500 12.500 11.500 2.300 2.505 205.000 2.835 3.300 465.000
9.000 69.000 38.000 -7.000 12.500 11.500 2.300 2.515 215.000 2.835 3.300 465.000
9.000 69.000 38.000 -7.000 13.000 11.500 2.300 2.505 205.000 2.835 3.310 475.000
9.000 69.000 38.500 -8.000 12.000 11.000 2.300 2.485 185.000 2.835 3.300 465.000
9.000 69.000 38.500 -8.000 12.500 11.000 2.300 2.475 175.000 2.835 3.305 470.000
9.000 69.000 38.500 -7.500 12.500 11.000 2.300 2.485 185.000 2.835 3.310 475.000
9.000 69.000 38.500 -7.500 13.000 11.000 2.300 2.480 180.000 2.835 3.310 475.000
9.000 69.000 38.500 -7.000 13.000 11.000 2.300 2.485 185.000 2.835 3.310 475.000
10.000 69.000 37.000 -8.000 13.000 11.000 2.300 2.485 185.000 2.835 3.320 485.000
10.000 69.000 37.000 -7.500 13.000 11.500 2.300 2.490 190.000 2.845 3.300 455.000
10.000 69.000 37.500 -7.500 13.000 11.000 2.300 2.480 180.000 2.835 3.305 470.000
8.000 69.500 38.000 -8.000 11.000 13.000 2.300 2.535 235.000 2.885 3.305 420.000
8.000 69.500 38.000 -8.000 11.500 13.000 2.300 2.530 230.000 2.895 3.310 415.000
8.000 69.500 38.500 -8.000 12.000 12.000 2.300 2.515 215.000 2.935 3.310 375.000
8.000 69.500 38.500 -8.000 12.500 12.000 2.300 2.510 210.000 2.935 3.300 365.000
8.000 69.500 38.500 -7.500 12.500 12.000 2.300 2.515 215.000 2.935 3.310 375.000
8.000 69.500 38.500 -7.500 13.000 12.000 2.295 2.510 215.000 2.935 3.300 365.000
9.000 69.500 37.000 -8.000 10.500 13.000 2.300 2.530 230.000 2.890 3.300 410.000
9.000 69.500 37.000 -8.000 11.000 13.000 2.300 2.530 230.000 2.890 3.300 410.000
9.000 69.500 37.000 -7.000 12.500 13.000 2.300 2.530 230.000 2.890 3.300 410.000
9.000 69.500 37.000 -6.500 12.000 13.000 2.300 2.560 260.000 2.830 3.305 475.000
9.000 69.500 37.000 -6.500 13.000 13.000 2.300 2.530 230.000 2.885 3.300 415.000
9.000 69.500 37.000 -6.000 12.500 13.000 2.300 2.570 270.000 2.820 3.300 480.000
9.000 69.500 37.500 -8.000 12.000 12.000 2.300 2.500 200.000 2.895 3.300 405.000
9.000 69.500 37.500 -7.500 12.500 12.000 2.300 2.500 200.000 2.875 3.305 430.000
9.000 69.500 37.500 -7.500 13.000 12.000 2.300 2.495 195.000 2.875 3.300 425.000
9.000 69.500 37.500 -7.000 12.500 12.000 2.300 2.530 230.000 2.870 3.305 435.000
9.000 69.500 37.500 -7.000 13.000 12.000 2.300 2.505 205.000 2.870 3.310 440.000
9.000 69.500 37.500 -6.500 13.000 12.000 2.300 2.530 230.000 2.860 3.315 455.000
9.000 69.500 38.000 -7.500 12.500 11.500 2.295 2.505 210.000 2.835 3.300 465.000
9.000 69.500 38.000 -7.500 13.000 11.500 2.295 2.490 195.000 2.845 3.300 455.000
9.000 69.500 38.000 -7.000 12.500 11.500 2.300 2.515 215.000 2.835 3.300 465.000
9.000 69.500 38.000 -7.000 13.000 11.500 2.300 2.505 205.000 2.835 3.305 470.000
9.000 69.500 38.000 -6.500 13.000 11.500 2.300 2.515 215.000 2.835 3.305 470.000
9.000 69.500 38.500 -8.000 12.500 11.000 2.295 2.475 180.000 2.835 3.300 465.000
9.000 69.500 38.500 -7.500 12.500 11.000 2.295 2.485 190.000 2.835 3.305 470.000
9.000 69.500 38.500 -7.500 13.000 11.000 2.295 2.475 180.000 2.835 3.300 465.000
9.000 69.500 38.500 -7.000 13.000 11.000 2.300 2.485 185.000 2.835 3.310 475.000
10.000 69.500 37.000 -8.000 13.000 11.000 2.300 2.485 185.000 2.845 3.320 475.000
8.000 70.000 38.000 -8.000 10.500 13.000 2.290 2.535 245.000 2.850 3.305 455.000
8.000 70.000 38.000 -8.000 11.000 13.000 2.290 2.535 245.000 2.885 3.305 420.000
8.000 70.000 38.000 -8.000 11.500 13.000 2.295 2.525 230.000 2.890 3.305 415.000
8.000 70.000 38.000 -8.000 12.000 13.000 2.300 2.515 215.000 2.900 3.305 405.000
8.000 70.000 38.000 -7.500 11.500 13.000 2.300 2.535 235.000 2.875 3.305 430.000
8.000 70.000 38.000 -7.500 12.000 13.000 2.300 2.525 225.000 2.890 3.305 415.000
8.000 70.000 38.000 -7.500 12.500 13.000 2.300 2.515 215.000 2.900 3.300 400.000
8.000 70.000 38.500 -8.000 12.000 12.000 2.300 2.510 210.000 2.930 3.305 375.000
8.000 70.000 38.500 -8.000 13.000 11.500 2.300 2.495 195.000 2.955 3.300 345.000
8.000 70.000 38.500 -7.500 12.500 12.000 2.300 2.515 215.000 2.930 3.310 380.000
8.000 70.000 38.500 -7.000 13.000 12.000 2.300 2.520 220.000 2.930 3.310 380.000
8.000 70.000 39.000 -8.000 12.000 11.000 2.300 2.500 200.000 2.945 3.300 355.000
9.000 70.000 37.000 -8.000 11.000 13.000 2.300 2.525 225.000 2.895 3.300 405.000
9.000 70.000 37.000 -7.500 11.500 13.000 2.300 2.530 230.000 2.890 3.300 410.000
9.000 70.000 37.000 -7.000 12.500 13.000 2.300 2.530 230.000 2.895 3.300 405.000
9.000 70.000 37.000 -6.500 13.000 13.000 2.295 2.530 235.000 2.890 3.300 410.000
9.000 70.000 37.000 -6.000 12.500 13.000 2.300 2.565 265.000 2.815 3.300 485.000
9.000 70.000 37.000 -5.500 13.000 13.000 2.300 2.570 270.000 2.805 3.300 495.000
9.000 70.000 37.500 -8.000 11.000 12.000 2.300 2.525 225.000 2.880 3.300 420.000
9.000 70.000 37.500 -8.000 13.000 11.500 2.300 2.490 190.000 2.920 3.305 385.000
9.000 70.000 37.500 -7.500 11.500 12.000 2.300 2.535 235.000 2.880 3.300 420.000
9.000 70.000 37.500 -7.500 12.000 12.000 2.300 2.525 225.000 2.885 3.305 420.000
9.000 70.000 37.500 -7.500 12.500 12.000 2.300 2.500 200.000 2.885 3.300 415.000
9.000 70.000 37.500 -7.000 12.500 12.000 2.300 2.530 230.000 2.880 3.305 425.000
9.000 70.000 37.500 -6.500 13.000 12.000 2.300 2.530 230.000 2.860 3.305 445.000
9.000 70.000 38.000 -8.000 13.000 11.000 2.300 2.480 180.000 2.880 3.315 435.000
9.000 70.000 38.000 -7.500 13.000 11.500 2.295 2.490 195.000 2.845 3.300 455.000
9.000 70.000 38.000 -7.000 12.500 11.500 2.300 2.515 215.000 2.835 3.300 465.000
9.000 70.000 38.000 -7.000 13.000 11.500 2.295 2.505 210.000 2.835 3.300 465.000
9.000 70.000 38.000 -6.500 13.000 11.500 2.300 2.520 220.000 2.835 3.305 470.000
9.000 70.000 38.500 -8.000 12.500 10.500 2.300 2.480 180.000 2.840 3.315 475.000
9.000 70.000 38.500 -7.500 12.500 11.000 2.295 2.485 190.000 2.835 3.300 465.000
9.000 70.000 38.500 -7.500 13.000 11.000 2.295 2.475 180.000 2.835 3.300 465.000
9.000 70.000 38.500 -7.000 13.000 11.000 2.295 2.485 190.000 2.835 3.305 470.000
9.000 70.000 38.500 -6.500 13.000 11.000 2.300 2.505 205.000 2.825 3.300 475.000
10.000 70.000 37.000 -8.000 13.000 11.000 2.300 2.490 190.000 2.845 3.315 470.000
8.000 70.500 38.000 -8.000 10.500 13.000 2.290 2.535 245.000 2.845 3.300 455.000
8.000 70.500 38.000 -8.000 11.000 13.000 2.290 2.530 240.000 2.875 3.305 430.000
8.000 70.500 38.000 -8.000 11.500 13.000 2.290 2.515 225.000 2.890 3.305 415.000
8.000 70.500 38.000 -7.500 10.500 13.000 2.300 2.555 255.000 2.820 3.300 480.000
8.000 70.500 38.000 -7.500 11.000 13.000 2.300 2.545 245.000 2.850 3.305 455.000
8.000 70.500 38.000 -7.500 11.500 13.000 2.300 2.535 235.000 2.875 3.305 430.000
8.000 70.500 38.000 -7.500 12.000 13.000 2.300 2.515 215.000 2.890 3.300 410.000
8.000 70.500 38.000 -7.000 12.000 13.000 2.300 2.535 235.000 2.875 3.300 425.000
8.000 70.500 38.000 -7.000 12.500 13.000 2.300 2.525 225.000 2.885 3.300 415.000
8.000 70.500 38.500 -8.000 12.000 12.000 2.300 2.515 215.000 2.930 3.300 370.000
8.000 70.500 38.500 -7.500 12.500 12.000 2.300 2.515 215.000 2.925 3.300 375.000
8.000 70.500 39.000 -8.000 12.000 11.000 2.300 2.500 200.000 2.940 3.300 360.000
9.000 70.500 37.000 -7.500 11.500 13.000 2.300 2.530 230.000 2.895 3.300 405.000
9.000 70.500 37.000 -7.000 12.500 13.000 2.300 2.530 230.000 2.895 3.300 405.000
9.000 70.500 37.000 -6.500 13.000 13.000 2.290 2.530 240.000 2.890 3.300 410.000
9.000 70.500 37.000 -6.000 12.500 13.000 2.300 2.560 260.000 2.815 3.300 485.000
9.000 70.500 37.000 -5.500 13.000 13.000 2.300 2.570 270.000 2.805 3.300 495.000
9.000 70.500 37.500 -8.000 11.000 12.000 2.300 2.525 225.000 2.880 3.300 420.000
9.000 70.500 37.500 -8.000 11.500 12.000 2.300 2.505 205.000 2.890 3.300 410.000
9.000 70.500 37.500 -8.000 13.000 11.500 2.300 2.490 190.000 2.930 3.300 370.000
9.000 70.500 37.500 -7.500 12.000 12.000 2.300 2.525 225.000 2.885 3.305 420.000
9.000 70.500 37.500 -7.500 12.500 12.000 2.300 2.495 195.000 2.890 3.300 410.000
9.000 70.500 37.500 -7.000 12.500 12.000 2.300 2.530 230.000 2.880 3.305 425.000
9.000 70.500 37.500 -6.500 13.000 12.000 2.300 2.530 230.000 2.880 3.305 425.000
9.000 70.500 38.000 -8.000 13.000 11.000 2.300 2.480 180.000 2.880 3.310 430.000
9.000 70.500 38.000 -7.500 13.000 11.000 2.300 2.490 190.000 2.875 3.320 445.000
9.000 70.500 38.000 -7.000 13.000 11.500 2.295 2.505 210.000 2.835 3.300 465.000
9.000 70.500 38.000 -6.500 13.000 11.500 2.300 2.515 215.000 2.835 3.300 465.000
9.000 70.500 38.500 -8.000 12.500 10.500 2.300 2.480 180.000 2.835 3.310 475.000
9.000 70.500 38.500 -7.500 13.000 10.500 2.300 2.480 180.000 2.840 3.315 475.000
9.000 70.500 38.500 -7.000 13.000 11.000 2.295 2.485 190.000 2.835 3.300 465.000
10.000 70.500 37.500 -8.000 12.500 10.500 2.300 2.485 185.000 2.835 3.320 485.000
8.000 71.000 38.000 -7.500 10.500 13.000 2.295 2.545 250.000 2.820 3.300 480.000
8.000 71.000 38.000 -7.500 11.000 13.000 2.295 2.535 240.000 2.845 3.300 455.000
8.000 71.000 38.000 -7.500 11.500 13.000 2.295 2.530 235.000 2.875 3.300 425.000
8.000 71.000 38.000 -7.000 11.500 13.000 2.300 2.540 240.000 2.850 3.300 450.000
8.000 71.000 38.000 -6.500 12.500 13.000 2.300 2.535 235.000 2.865 3.300 435.000
8.000 71.000 38.500 -8.000 12.500 11.500 2.300 2.510 210.000 2.945 3.300 355.000
8.000 71.000 38.500 -7.500 13.000 11.500 2.300 2.510 210.000 2.950 3.300 350.000
8.000 71.000 39.000 -8.000 11.500 11.000 2.300 2.505 205.000 2.895 3.300 405.000
9.000 71.000 37.000 -6.000 12.500 13.000 2.300 2.555 255.000 2.815 3.300 485.000
9.000 71.000 37.500 -8.000 11.000 12.000 2.300 2.525 225.000 2.880 3.300 420.000
9.000 71.000 37.500 -8.000 11.500 12.000 2.300 2.495 195.000 2.890 3.300 410.000
9.000 71.000 37.500 -7.500 11.000 12.000 2.300 2.545 245.000 2.845 3.300 455.000
9.000 71.000 37.500 -7.500 11.500 12.000 2.300 2.525 225.000 2.880 3.300 420.000
9.000 71.000 37.500 -7.500 12.500 12.000 2.300 2.495 195.000 2.890 3.300 410.000
9.000 71.000 37.500 -7.000 12.000 12.000 2.300 2.540 240.000 2.885 3.300 415.000
9.000 71.000 37.500 -7.000 12.500 12.000 2.300 2.530 230.000 2.885 3.300 415.000
9.000 71.000 37.500 -6.500 13.000 12.000 2.300 2.530 230.000 2.880 3.300 420.000
9.000 71.000 38.000 -8.000 12.000 11.000 2.300 2.505 205.000 2.845 3.305 460.000
9.000 71.000 38.000 -8.000 12.500 11.000 2.300 2.490 190.000 2.845 3.310 465.000
9.000 71.000 38.000 -8.000 13.000 11.000 2.300 2.480 180.000 2.880 3.300 420.000
9.000 71.000 38.000 -7.500 12.500 11.000 2.300 2.505 205.000 2.845 3.310 465.000
9.000 71.000 38.000 -7.500 13.000 11.000 2.300 2.490 190.000 2.875 3.310 435.000
9.000 71.000 38.000 -6.500 13.000 11.500 2.295 2.515 220.000 2.835 3.300 465.000
9.000 71.000 38.500 -8.000 12.000 10.500 2.300 2.485 185.000 2.835 3.315 480.000
9.000 71.000 38.500 -8.000 12.500 10.500 2.300 2.480 180.000 2.835 3.310 475.000
9.000 71.000 38.500 -7.500 12.500 10.500 2.300 2.485 185.000 2.835 3.320 485.000
9.000 71.000 38.500 -7.500 13.000 10.500 2.300 2.480 180.000 2.835 3.310 475.000
9.000 71.000 38.500 -7.000 13.000 11.000 2.295 2.485 190.000 2.835 3.300 465.000
10.000 71.000 37.000 -8.000 13.000 11.000 2.300 2.490 190.000 2.845 3.305 460.000
10.000 71.000 37.500 -8.000 12.500 10.500 2.300 2.485 185.000 2.835 3.315 480.000
10.000 71.000 37.500 -8.000 13.000 10.500 2.300 2.475 175.000 2.835 3.310 475.000
10.000 71.000 37.500 -7.500 13.000 10.500 2.300 2.485 185.000 2.835 3.325 490.000
8.000 71.500 37.500 -8.000 11.000 13.000 2.300 2.535 235.000 2.925 3.310 385.000
8.000 71.500 37.500 -8.000 11.500 13.000 2.300 2.525 225.000 2.920 3.305 385.000
8.000 71.500 38.000 -8.000 9.500 13.000 2.300 2.545 245.000 2.815 3.300 485.000
8.000 71.500 38.000 -8.000 10.500 12.500 2.300 2.545 245.000 2.865 3.315 450.000
8.000 71.500 39.000 -8.000 11.500 11.000 2.300 2.505 205.000 2.895 3.300 405.000
9.000 71.500 37.000 -6.000 13.000 13.000 2.290 2.540 250.000 2.830 3.300 470.000
9.000 71.500 37.500 -8.000 11.000 12.000 2.300 2.525 225.000 2.875 3.300 425.000
9.000 71.500 37.500 -8.000 11.500 12.000 2.300 2.495 195.000 2.890 3.300 410.000
9.000 71.500 37.500 -7.500 11.000 12.000 2.300 2.540 240.000 2.845 3.300 455.000
9.000 71.500 37.500 -7.500 11.500 12.000 2.300 2.525 225.000 2.880 3.300 420.000
9.000 71.500 37.500 -7.000 12.000 12.000 2.300 2.535 235.000 2.880 3.300 420.000
9.000 71.500 37.500 -7.000 12.500 12.000 2.300 2.530 230.000 2.885 3.300 415.000
9.000 71.500 37.500 -6.500 12.500 12.000 2.300 2.545 245.000 2.885 3.300 415.000
9.000 71.500 37.500 -6.500 13.000 12.000 2.300 2.530 230.000 2.885 3.300 415.000
9.000 71.500 38.000 -8.000 11.500 11.000 2.300 2.510 210.000 2.845 3.305 460.000
9.000 71.500 38.000 -8.000 12.000 11.000 2.300 2.505 205.000 2.845 3.305 460.000
9.000 71.500 38.000 -8.000 12.500 11.000 2.300 2.490 190.000 2.845 3.300 455.000
9.000 71.500 38.000 -7.500 12.000 11.000 2.300 2.510 210.000 2.845 3.310 465.000
9.000 71.500 38.000 -7.500 12.500 11.000 2.300 2.505 205.000 2.845 3.310 465.000
9.000 71.500 38.000 -7.000 13.000 11.000 2.300 2.505 205.000 2.845 3.310 465.000
9.000 71.500 38.500 -8.000 11.500 10.500 2.300 2.505 205.000 2.820 3.305 485.000
9.000 71.500 38.500 -8.000 12.000 10.500 2.300 2.485 185.000 2.835 3.310 475.000
9.000 71.500 38.500 -8.000 12.500 10.500 2.300 2.475 175.000 2.835 3.305 470.000
9.000 71.500 38.500 -7.500 12.500 10.500 2.300 2.485 185.000 2.835 3.315 480.000
9.000 71.500 38.500 -7.500 13.000 10.500 2.300 2.480 180.000 2.835 3.300 465.000
9.000 71.500 38.500 -7.000 13.000 10.500 2.300 2.485 185.000 2.835 3.310 475.000
10.000 71.500 37.000 -8.000 12.500 11.000 2.300 2.500 200.000 2.850 3.300 450.000
10.000 71.500 37.000 -8.000 13.000 10.500 2.300 2.490 190.000 2.835 3.325 490.000
10.000 71.500 37.000 -7.500 13.000 11.000 2.300 2.500 200.000 2.850 3.310 460.000
10.000 71.500 37.500 -8.000 12.500 10.500 2.300 2.485 185.000 2.835 3.315 480.000
10.000 71.500 37.500 -8.000 13.000 10.500 2.300 2.475 175.000 2.835 3.305 470.000
10.000 71.500 37.500 -7.500 13.000 10.500 2.300 2.485 185.000 2.835 3.320 485.000
8.000 72.000 37.500 -8.000 11.000 13.000 2.300 2.535 235.000 2.920 3.305 385.000
8.000 72.000 37.500 -7.500 11.500 13.000 2.300 2.535 235.000 2.900 3.305 405.000
8.000 72.000 37.500 -7.500 12.000 13.000 2.300 2.525 225.000 2.910 3.300 390.000
8.000 72.000 38.000 -8.000 9.000 13.000 2.300 2.545 245.000 2.805 3.300 495.000
8.000 72.000 38.000 -8.000 9.500 13.000 2.300 2.540 240.000 2.815 3.300 485.000
8.000 72.000 38.000 -8.000 10.500 12.500 2.295 2.535 240.000 2.850 3.310 460.000
8.000 72.000 38.000 -8.000 11.000 12.500 2.300 2.535 235.000 2.890 3.310 420.000
8.000 72.000 38.000 -8.000 11.500 12.500 2.300 2.520 220.000 2.895 3.305 410.000
8.000 72.000 38.500 -8.000 9.500 12.000 2.300 2.570 270.000 2.805 3.300 495.000
8.000 72.000 38.500 -8.000 10.000 12.000 2.290 2.565 275.000 2.820 3.305 485.000
8.000 72.000 38.500 -8.000 10.500 12.000 2.300 2.535 235.000 2.845 3.305 460.000
9.000 72.000 37.500 -7.500 11.000 12.000 2.300 2.540 240.000 2.840 3.300 460.000
9.000 72.000 37.500 -6.500 13.000 12.000 2.300 2.530 230.000 2.885 3.300 415.000
9.000 72.000 38.000 -8.000 11.500 11.000 2.300 2.505 205.000 2.845 3.305 460.000
9.000 72.000 38.000 -8.000 12.000 11.000 2.300 2.500 200.000 2.845 3.300 455.000
9.000 72.000 38.000 -7.500 12.000 11.000 2.300 2.510 210.000 2.845 3.305 460.000
9.000 72.000 38.000 -7.500 12.500 11.000 2.300 2.505 205.000 2.845 3.300 455.000
9.000 72.000 38.000 -7.000 12.500 11.000 2.300 2.510 210.000 2.840 3.310 470.000
9.000 72.000 38.000 -7.000 13.000 11.000 2.300 2.505 205.000 2.845 3.305 460.000
9.000 72.000 38.500 -8.000 11.500 10.500 2.300 2.505 205.000 2.820 3.305 485.000
9.000 72.000 38.500 -8.000 12.000 10.500 2.300 2.485 185.000 2.835 3.310 475.000
9.000 72.000 38.500 -7.500 12.000 10.500 2.300 2.505 205.000 2.835 3.310 475.000
9.000 72.000 38.500 -7.500 12.500 10.500 2.300 2.480 180.000 2.835 3.310 475.000
9.000 72.000 38.500 -7.000 13.000 10.500 2.300 2.485 185.000 2.835 3.310 475.000
9.000 72.000 39.000 -8.000 11.500 10.000 2.300 2.480 180.000 2.815 3.300 485.000
9.000 72.000 39.000 -7.500 12.000 10.000 2.300 2.480 180.000 2.815 3.300 485.000
10.000 72.000 37.000 -8.000 12.500 11.000 2.300 2.500 200.000 2.850 3.300 450.000
10.000 72.000 37.000 -8.000 13.000 10.500 2.300 2.490 190.000 2.835 3.320 485.000
10.000 72.000 37.000 -7.500 13.000 11.000 2.300 2.500 200.000 2.850 3.305 455.000
10.000 72.000 37.500 -8.000 12.500 10.500 2.300 2.480 180.000 2.835 3.310 475.000
10.000 72.000 37.500 -8.000 13.000 10.500 2.295 2.475 180.000 2.835 3.300 465.000
10.000 72.000 37.500 -7.500 13.000 10.500 2.300 2.480 180.000 2.835 3.315 480.000
8.000 72.500 38.000 -8.000 9.000 13.000 2.300 2.540 240.000 2.805 3.300 495.000
8.000 72.500 38.000 -8.000 9.500 13.000 2.300 2.535 235.000 2.815 3.300 485.000
8.000 72.500 38.000 -8.000 10.500 12.500 2.290 2.535 245.000 2.850 3.305 455.000
8.000 72.500 38.000 -8.000 11.000 12.500 2.295 2.530 235.000 2.885 3.300 415.000
8.000 72.500 38.000 -7.500 10.000 13.000 2.300 2.545 245.000 2.810 3.300 490.000
8.000 72.500 38.000 -7.500 11.000 12.500 2.300 2.535 235.000 2.865 3.305 440.000
8.000 72.500 38.000 -7.500 11.500 12.500 2.300 2.535 235.000 2.885 3.305 420.000
8.000 72.500 38.500 -8.000 9.500 12.000 2.290 2.570 280.000 2.805 3.300 495.000
8.000 72.500 38.500 -8.000 10.000 12.000 2.290 2.565 275.000 2.815 3.300 485.000
8.000 72.500 39.000 -8.000 10.500 11.000 2.300 2.535 235.000 2.845 3.300 455.000
9.000 72.500 37.500 -7.500 11.000 12.000 2.295 2.530 235.000 2.845 3.300 455.000
9.000 72.500 37.500 -7.000 11.500 12.000 2.300 2.540 240.000 2.835 3.300 465.000
9.000 72.500 38.000 -8.000 10.500 11.000 2.300 2.530 230.000 2.805 3.300 495.000
9.000 72.500 38.000 -8.000 11.500 11.000 2.295 2.505 210.000 2.850 3.300 450.000
9.000 72.500 38.000 -7.500 12.000 11.000 2.300 2.505 205.000 2.845 3.305 460.000
9.000 72.500 38.000 -7.000 12.500 11.000 2.300 2.510 210.000 2.840 3.305 465.000
9.000 72.500 38.000 -7.000 13.000 11.000 2.300 2.505 205.000 2.845 3.300 455.000
9.000 72.500 38.000 -6.500 13.000 11.000 2.300 2.515 215.000 2.840 3.305 465.000
9.000 72.500 38.500 -8.000 11.500 10.500 2.295 2.505 210.000 2.820 3.300 480.000
9.000 72.500 38.500 -8.000 12.000 10.500 2.295 2.480 185.000 2.835 3.300 465.000
9.000 72.500 38.500 -7.500 12.000 10.500 2.300 2.505 205.000 2.835 3.305 470.000
9.000 72.500 38.500 -7.500 12.500 10.500 2.295 2.480 185.000 2.835 3.300 465.000
9.000 72.500 38.500 -7.000 12.500 10.500 2.300 2.505 205.000 2.835 3.305 470.000
9.000 72.500 38.500 -7.000 13.000 10.500 2.300 2.485 185.000 2.835 3.300 465.000
9.000 72.500 38.500 -6.500 13.000 10.500 2.300 2.505 205.000 2.835 3.305 470.000
9.000 72.500 39.000 -8.000 11.500 10.000 2.300 2.480 180.000 2.810 3.300 490.000
9.000 72.500 39.000 -7.500 12.000 10.000 2.300 2.480 180.000 2.815 3.300 485.000
9.000 72.500 39.000 -7.000 12.500 10.000 2.300 2.480 180.000 2.820 3.300 480.000
10.000 72.500 37.000 -8.000 13.000 10.500 2.300 2.485 185.000 2.835 3.320 485.000
10.000 72.500 37.000 -7.500 13.000 11.000 2.300 2.500 200.000 2.850 3.300 450.000
10.000 72.500 37.500 -8.000 12.500 10.500 2.300 2.480 180.000 2.835 3.310 475.000
10.000 72.500 37.500 -7.500 13.000 10.500 2.300 2.480 180.000 2.835 3.310 475.000
8.000 73.000 38.000 -8.000 8.500 13.000 2.300 2.540 240.000 2.805 3.300 495.000
8.000 73.000 38.000 -8.000 10.000 12.500 2.300 2.535 235.000 2.865 3.310 445.000
8.000 73.000 38.000 -8.000 10.500 12.500 2.290 2.535 245.000 2.850 3.300 450.000
8.000 73.000 38.000 -7.500 9.500 13.000 2.300 2.545 245.000 2.805 3.300 495.000
8.000 73.000 38.000 -7.500 10.000 13.000 2.300 2.545 245.000 2.815 3.300 485.000
8.000 73.000 38.000 -7.500 11.000 12.500 2.295 2.535 240.000 2.850 3.300 450.000
8.000 73.000 38.000 -7.000 10.500 13.000 2.300 2.545 245.000 2.805 3.300 495.000
8.000 73.000 38.500 -7.500 10.500 12.000 2.300 2.565 265.000 2.815 3.300 485.000
8.000 73.000 38.500 -7.500 11.000 12.000 2.300 2.535 235.000 2.845 3.300 455.000
8.000 73.000 39.000 -8.000 10.500 11.000 2.300 2.535 235.000 2.835 3.300 465.000
9.000 73.000 37.000 -7.000 9.000 13.000 2.300 2.570 270.000 2.770 3.300 530.000
9.000 73.000 37.500 -8.000 11.000 11.500 2.300 2.525 225.000 2.885 3.305 420.000
9.000 73.000 37.500 -7.500 11.000 12.000 2.295 2.530 235.000 2.845 3.300 455.000
9.000 73.000 37.500 -7.500 11.500 11.500 2.300 2.525 225.000 2.885 3.305 420.000
9.000 73.000 37.500 -7.000 11.500 12.000 2.295 2.540 245.000 2.835 3.300 465.000
9.000 73.000 37.500 -7.000 12.500 11.500 2.300 2.530 230.000 2.885 3.300 415.000
9.000 73.000 38.000 -8.000 10.500 11.000 2.300 2.525 225.000 2.805 3.300 495.000
9.000 73.000 38.000 -8.000 11.500 11.000 2.295 2.505 210.000 2.850 3.300 450.000
9.000 73.000 38.000 -8.000 12.500 10.500 2.300 2.490 190.000 2.875 3.305 430.000
9.000 73.000 38.000 -7.500 11.000 11.000 2.300 2.535 235.000 2.805 3.300 495.000
9.000 73.000 38.000 -7.500 13.000 10.500 2.300 2.490 190.000 2.880 3.305 425.000
9.000 73.000 38.000 -7.000 12.000 11.000 2.300 2.530 230.000 2.825 3.310 485.000
9.000 73.000 38.000 -6.500 13.000 11.000 2.300 2.515 215.000 2.840 3.300 460.000
10.000 73.000 37.000 -8.000 12.000 11.000 2.300 2.500 200.000 2.895 3.300 405.000
10.000 73.000 37.000 -8.000 12.500 10.500 2.300 2.505 205.000 2.840 3.315 475.000
10.000 73.000 37.000 -8.000 13.000 10.500 2.300 2.485 185.000 2.835 3.315 480.000
10.000 73.000 37.000 -7.500 13.000 11.000 2.300 2.495 195.000 2.850 3.300 450.000
10.000 73.000 37.500 -8.000 12.500 10.000 2.300 2.485 185.000 2.835 3.310 475.000
10.000 73.000 37.500 -8.000 12.500 10.500 2.295 2.480 185.000 2.835 3.300 465.000
10.000 73.000 37.500 -7.500 13.000 10.500 2.295 2.480 185.000 2.835 3.310 475.000
10.000 73.000 38.000 -7.000 13.000 10.000 2.300 2.480 180.000 2.820 3.300 480.000
8.000 73.500 38.000 -7.500 10.500 12.500 2.295 2.535 240.000 2.845 3.300 455.000
8.000 73.500 38.000 -7.000 11.000 12.500 2.300 2.545 245.000 2.830 3.300 470.000
8.000 73.500 38.500 -8.000 9.000 12.000 2.300 2.570 270.000 2.780 3.300 520.000
8.000 73.500 39.000 -8.000 8.000 11.000 2.300 3.305 1005.000 2.300 3.305 1005.000
8.000 73.500 39.000 -8.000 9.500 11.000 2.300 2.570 270.000 2.800 3.300 500.000
9.000 73.500 37.000 -7.000 9.000 13.000 2.285 2.570 285.000 2.770 3.300 530.000
9.000 73.500 37.000 -7.000 9.500 13.000 2.300 2.540 240.000 2.770 3.300 530.000
9.000 73.500 37.500 -7.500 11.500 11.500 2.300 2.525 225.000 2.885 3.300 415.000
9.000 73.500 37.500 -7.000 11.500 12.000 2.290 2.530 240.000 2.840 3.300 460.000
9.000 73.500 37.500 -7.000 12.000 11.500 2.300 2.535 235.000 2.885 3.300 415.000
9.000 73.500 38.000 -8.000 10.500 11.000 2.295 2.520 225.000 2.805 3.300 495.000
9.000 73.500 38.000 -7.500 11.000 11.000 2.300 2.535 235.000 2.805 3.300 495.000
9.000 73.500 38.000 -7.000 11.500 11.000 2.300 2.540 240.000 2.805 3.300 495.000
9.000 73.500 38.000 -7.000 12.000 11.000 2.300 2.525 225.000 2.820 3.300 480.000
9.000 73.500 38.500 -8.000 12.000 10.000 2.300 2.485 185.000 2.835 3.305 470.000
10.000 73.500 37.000 -8.000 12.500 10.500 2.300 2.505 205.000 2.840 3.310 470.000
10.000 73.500 37.000 -8.000 13.000 10.500 2.300 2.485 185.000 2.840 3.310 470.000
10.000 73.500 37.000 -7.500 12.500 11.000 2.300 2.500 200.000 2.885 3.300 415.000
10.000 73.500 37.000 -7.000 13.000 11.000 2.300 2.500 200.000 2.875 3.300 425.000
10.000 73.500 37.500 -8.000 12.500 10.000 2.300 2.485 185.000 2.835 3.310 475.000
10.000 73.500 37.500 -7.500 13.000 10.500 2.295 2.475 180.000 2.835 3.300 465.000
10.000 73.500 38.000 -7.000 13.000 10.000 2.300 2.480 180.000 2.820 3.300 480.000
8.000 74.000 38.000 -8.000 10.500 12.000 2.300 2.535 235.000 2.850 3.300 450.000
8.000 74.000 38.500 -8.000 9.000 12.000 2.295 2.570 275.000 2.780 3.300 520.000
8.000 74.000 38.500 -7.500 9.500 12.000 2.300 2.585 285.000 2.770 3.300 530.000
8.000 74.000 39.000 -8.000 8.000 11.000 2.300 3.310 1010.000 2.300 3.310 1010.000
8.000 74.000 39.000 -8.000 9.500 11.000 2.295 2.565 270.000 2.800 3.300 500.000
9.000 74.000 37.500 -8.000 10.000 11.500 2.300 2.540 240.000 2.850 3.305 455.000
9.000 74.000 38.000 -8.000 10.500 11.000 2.295 2.520 225.000 2.805 3.300 495.000
9.000 74.000 38.000 -7.500 11.000 11.000 2.300 2.535 235.000 2.805 3.300 495.000
9.000 74.000 38.000 -7.000 11.500 11.000 2.300 2.540 240.000 2.805 3.300 495.000
9.000 74.000 38.500 -8.000 11.500 10.000 2.300 2.510 210.000 2.830 3.305 475.000
10.000 74.000 37.000 -8.000 12.500 10.500 2.300 2.505 205.000 2.845 3.305 460.000
10.000 74.000 37.000 -7.500 12.500 11.000 2.300 2.500 200.000 2.890 3.300 410.000
10.000 74.000 37.000 -7.000 13.000 11.000 2.300 2.500 200.000 2.880 3.300 420.000
10.000 74.000 37.500 -8.000 12.500 10.000 2.300 2.485 185.000 2.835 3.310 475.000
10.000 74.000 37.500 -7.500 12.500 10.000 2.300 2.490 190.000 2.835 3.320 485.000
10.000 74.000 37.500 -7.500 13.000 10.500 2.295 2.475 180.000 2.835 3.300 465.000
8.000 74.500 38.500 -8.000 8.500 12.000 2.300 2.580 280.000 2.755 3.300 545.000
8.000 74.500 38.500 -8.000 9.000 12.000 2.295 2.570 275.000 2.780 3.300 520.000
8.000 74.500 38.500 -8.000 9.500 11.500 2.290 2.570 280.000 2.805 3.315 510.000
8.000 74.500 38.500 -8.000 10.000 11.500 2.290 2.565 275.000 2.815 3.300 485.000
8.000 74.500 38.500 -7.500 8.500 12.000 2.300 3.305 1005.000 2.300 3.305 1005.000
8.000 74.500 38.500 -7.500 9.500 12.000 2.300 2.580 280.000 2.770 3.300 530.000
8.000 74.500 38.500 -7.000 8.000 12.500 2.300 3.300 1000.000 2.300 3.300 1000.000
8.000 74.500 38.500 -6.500 8.000 12.500 2.300 3.300 1000.000 2.300 3.300 1000.000
8.000 74.500 39.000 -8.000 8.000 11.000 2.295 3.315 1020.000 2.295 3.315 1020.000
8.000 74.500 39.000 -7.500 8.000 11.500 2.295 3.300 1005.000 2.295 3.300 1005.000
8.000 74.500 39.500 -7.500 8.000 10.500 2.300 3.300 1000.000 2.300 3.300 1000.000
9.000 74.500 37.000 -7.000 9.000 12.500 2.300 2.570 270.000 2.780 3.305 525.000
9.000 74.500 37.500 -7.500 8.000 11.500 2.300 2.630 330.000 2.690 3.310 620.000
9.000 74.500 37.500 -7.500 8.500 11.500 2.300 2.590 290.000 2.705 3.300 595.000
9.000 74.500 38.500 -8.000 8.000 10.000 2.300 3.305 1005.000 2.300 3.305 1005.000
9.000 74.500 39.000 -7.500 8.000 9.500 2.300 3.305 1005.000 2.300 3.305 1005.000
10.000 74.500 37.000 -8.000 12.000 10.500 2.300 2.505 205.000 2.850 3.305 455.000
10.000 74.500 37.000 -8.000 12.500 10.000 2.300 2.510 210.000 2.835 3.320 485.000
10.000 74.500 37.000 -8.000 12.500 10.500 2.300 2.500 200.000 2.845 3.300 455.000
10.000 74.500 37.500 -8.000 12.000 10.000 2.300 2.490 190.000 2.820 3.310 490.000
10.000 74.500 37.500 -8.000 12.500 10.000 2.300 2.480 180.000 2.835 3.300 465.000
10.000 74.500 37.500 -7.500 12.500 10.000 2.300 2.490 190.000 2.835 3.315 480.000
10.000 74.500 37.500 -7.000 13.000 10.000 2.300 2.490 190.000 2.835 3.320 485.000
8.000 75.000 38.500 -8.000 9.500 11.500 2.290 2.570 280.000 2.805 3.300 495.000
8.000 75.000 38.500 -7.500 8.500 12.000 2.300 2.720 420.000 2.730 3.300 570.000
8.000 75.000 38.500 -6.500 8.000 12.500 2.300 3.300 1000.000 2.300 3.300 1000.000
8.000 75.000 38.500 -6.500 8.500 12.500 2.300 3.300 1000.000 2.300 3.300 1000.000
8.000 75.000 39.000 -8.000 8.000 11.000 2.295 3.310 1015.000 2.295 3.310 1015.000
8.000 75.000 39.000 -7.500 8.000 11.000 2.300 3.315 1015.000 2.300 3.315 1015.000
8.000 75.000 39.000 -7.500 8.000 11.500 2.295 3.300 1005.000 2.295 3.300 1005.000
8.000 75.000 39.000 -7.500 8.500 11.000 2.300 3.305 1005.000 2.300 3.305 1005.000
8.000 75.000 39.000 -7.000 8.000 11.500 2.300 3.300 1000.000 2.300 3.300 1000.000
8.000 75.000 39.500 -8.000 8.000 10.500 2.300 3.300 1000.000 2.300 3.300 1000.000
8.000 75.000 39.500 -7.500 8.000 10.500 2.300 3.305 1005.000 2.300 3.305 1005.000
9.000 75.000 37.500 -6.500 8.500 12.000 2.300 3.300 1000.000 2.300 3.300 1000.000
9.000 75.000 37.500 -6.500 9.000 12.000 2.295 3.300 1005.000 2.295 3.300 1005.000
9.000 75.000 37.500 -6.000 9.500 12.000 2.300 3.300 1000.000 2.300 3.300 1000.000
9.000 75.000 38.000 -8.000 8.000 11.000 2.295 3.300 1005.000 2.295 3.300 1005.000
9.000 75.000 38.000 -8.000 10.500 10.500 2.300 2.535 235.000 2.805 3.300 495.000
9.000 75.000 38.500 -7.000 9.000 10.500 2.300 3.300 1000.000 2.300 3.300 1000.000
9.000 75.000 38.500 -7.000 9.500 10.500 2.300 3.300 1000.000 2.300 3.300 1000.000
9.000 75.000 39.000 -7.500 8.000 9.500 2.300 3.305 1005.000 2.300 3.305 1005.000
10.000 75.000 37.000 -8.000 12.000 10.500 2.300 2.505 205.000 2.850 3.300 450.000
10.000 75.000 37.000 -8.000 12.500 10.000 2.300 2.510 210.000 2.835 3.315 480.000
10.000 75.000 37.000 -8.000 13.000 10.000 2.300 2.485 185.000 2.840 3.310 470.000
10.000 75.000 37.000 -7.500 12.500 10.500 2.300 2.505 205.000 2.845 3.305 460.000
10.000 75.000 37.000 -7.000 13.000 10.500 2.300 2.510 210.000 2.845 3.310 465.000
10.000 75.000 37.500 -8.000 11.500 10.000 2.300 2.510 210.000 2.815 3.300 485.000
10.000 75.000 37.500 -8.000 12.000 10.000 2.300 2.490 190.000 2.820 3.310 490.000
10.000 75.000 37.500 -7.500 8.000 9.500 2.300 3.300 1000.000 2.300 3.300 1000.000
10.000 75.000 37.500 -7.500 12.500 10.000 2.300 2.490 190.000 2.830 3.310 480.000
10.000 75.000 37.500 -7.500 13.000 10.000 2.300 2.485 185.000 2.840 3.305 465.000
10.000 75.000 37.500 -7.000 13.000 10.000 2.300 2.490 190.000 2.835 3.315 480.000
8.000 75.500 39.000 -7.500 8.000 11.000 2.300 3.300 1000.000 2.300 3.300 1000.000
8.000 75.500 39.000 -7.500 8.500 11.000 2.295 3.300 1005.000 2.295 3.300 1005.000
9.000 75.500 37.500 -7.000 8.500 11.500 2.300 2.670 370.000 2.680 3.305 625.000
10.000 75.500 37.000 -8.000 12.000 10.500 2.300 2.505 205.000 2.850 3.300 450.000
10.000 75.500 37.000 -8.000 13.000 10.000 2.300 2.485 185.000 2.835 3.305 470.000
10.000 75.500 37.000 -7.500 12.500 10.500 2.300 2.505 205.000 2.845 3.300 455.000
10.000 75.500 37.000 -7.000 13.000 10.500 2.300 2.510 210.000 2.845 3.300 455.000
10.000 75.500 37.500 -8.000 11.500 10.000 2.300 2.510 210.000 2.815 3.300 485.000
10.000 75.500 37.500 -8.000 12.000 10.000 2.295 2.490 195.000 2.820 3.300 480.000
10.000 75.500 37.500 -7.500 12.000 10.000 2.300 2.510 210.000 2.820 3.305 485.000
10.000 75.500 37.500 -7.500 12.500 10.000 2.300 2.490 190.000 2.830 3.310 480.000
10.000 75.500 37.500 -7.000 13.000 10.000 2.300 2.490 190.000 2.835 3.310 475.000
10.000 75.500 38.000 -8.000 11.000 9.500 2.300 2.500 200.000 2.795 3.300 505.000
10.000 76.000 37.000 -8.000 12.000 10.000 2.300 2.510 210.000 2.835 3.315 480.000
10.000 76.000 37.000 -8.000 13.000 9.500 2.300 2.485 185.000 2.885 3.300 415.000
10.000 76.000 37.000 -7.500 12.000 10.500 2.300 2.505 205.000 2.870 3.300 430.000
10.000 76.000 37.000 -7.000 12.500 10.500 2.300 2.510 210.000 2.850 3.300 450.000
10.000 76.000 37.500 -8.000 12.000 9.500 2.300 2.490 190.000 2.830 3.300 470.000
10.000 76.000 37.500 -8.000 12.000 10.000 2.295 2.490 195.000 2.820 3.300 480.000
10.000 76.000 37.500 -7.500 8.500 9.500 2.300 3.300 1000.000 2.300 3.300 1000.000
10.000 76.000 37.500 -7.500 12.000 10.000 2.300 2.510 210.000 2.820 3.300 480.000
10.000 76.000 37.500 -7.000 12.500 10.000 2.300 2.510 210.000 2.825 3.300 475.000
10.000 76.000 37.500 -6.500 13.000 10.000 2.300 2.510 210.000 2.830 3.300 470.000
10.000 76.000 38.000 -8.000 11.000 9.500 2.300 2.500 200.000 2.795 3.300 505.000
10.000 76.500 37.000 -8.000 12.000 10.000 2.300 2.510 210.000 2.835 3.305 470.000
10.000 76.500 37.000 -8.000 12.500 10.000 2.300 2.490 190.000 2.835 3.300 465.000
10.000 76.500 37.000 -7.500 11.000 10.500 2.300 2.535 235.000 2.800 3.300 500.000
10.000 76.500 37.500 -8.000 11.000 10.000 2.285 2.515 230.000 2.815 3.300 485.000
10.000 76.500 37.500 -8.000 12.000 9.500 2.300 2.490 190.000 2.830 3.300 470.000
10.000 77.000 37.000 -8.000 11.500 10.000 2.300 2.515 215.000 2.835 3.300 465.000
10.000 77.000 37.000 -8.000 12.500 9.500 2.300 2.495 195.000 2.840 3.310 470.000
10.000 77.000 37.500 -8.000 11.500 9.500 2.300 2.510 210.000 2.815 3.300 485.000
10.000 77.500 37.000 -8.000 12.000 9.500 2.300 2.510 210.000 2.830 3.310 480.000
10.000 77.500 37.000 -8.000 12.500 9.500 2.300 2.495 195.000 2.840 3.300 460.000
10.000 78.000 37.000 -8.000 12.000 9.500 2.300 2.510 210.000 2.830 3.300 470.000
